                            OLS Regression Results                            
==============================================================================
Dep. Variable:        conflicts_synth   R-squared:                       0.997
Model:                            OLS   Adj. R-squared:                  0.997
Method:                 Least Squares   F-statistic:                     3551.
Date:                Tue, 11 Jul 2023   Prob (F-statistic):               0.00
Time:                        16:30:00   Log-Likelihood:                 2508.6
No. Observations:                2718   AIC:                            -4579.
Df Residuals:                    2499   BIC:                            -3286.
Df Model:                         218                                         
Covariance Type:            nonrobust                                         
============================================================================================
                               coef    std err          t      P>|t|      [0.025      0.975]
--------------------------------------------------------------------------------------------
Intercept                   -0.0286      0.029     -0.985      0.325      -0.086       0.028
TA                           1.0034      0.018     55.743      0.000       0.968       1.039
PA                           0.9943      0.017     57.687      0.000       0.961       1.028
DL                           0.9987      0.003    399.051      0.000       0.994       1.004
Awdal                        0.0186      0.017      1.126      0.260      -0.014       0.051
Bakool                       0.0138      0.016      0.839      0.401      -0.019       0.046
Banadir                      0.0135      0.016      0.820      0.412      -0.019       0.046
Bari                         0.0191      0.017      1.157      0.247      -0.013       0.052
Bay                          0.0117      0.016      0.710      0.478      -0.021       0.044
Galgaduud                    0.0140      0.017      0.845      0.398      -0.018       0.046
Gedo                         0.0121      0.016      0.733      0.464      -0.020       0.044
Hiraan                       0.0141      0.017      0.855      0.393      -0.018       0.046
Lower_Juba                   0.0123      0.016      0.745      0.457      -0.020       0.045
Lower_Shabelle               0.0134      0.016      0.813      0.416      -0.019       0.046
Middle_Juba                  0.0054      0.016      0.329      0.742      -0.027       0.038
Middle_Shabelle              0.0119      0.016      0.720      0.472      -0.020       0.044
Mudug                        0.0114      0.017      0.687      0.492      -0.021       0.044
Nugaal                       0.0235      0.017      1.421      0.156      -0.009       0.056
Sanaag                      -0.0003      0.017     -0.016      0.987      -0.033       0.032
Sool                         0.0367      0.017      2.219      0.027       0.004       0.069
Togdheer                     0.0186      0.017      1.125      0.260      -0.014       0.051
April                        0.0112      0.017      0.642      0.521      -0.023       0.045
May                          0.0133      0.017      0.787      0.432      -0.020       0.047
June                         0.0300      0.016      1.842      0.066      -0.002       0.062
July                         0.0137      0.017      0.798      0.425      -0.020       0.047
August                       0.0015      0.016      0.091      0.927      -0.030       0.033
September                    0.0156      0.016      0.972      0.331      -0.016       0.047
October                      0.0078      0.017      0.473      0.636      -0.025       0.040
November                     0.0129      0.017      0.758      0.448      -0.020       0.046
December                     0.0102      0.017      0.611      0.541      -0.022       0.043
January                      0.0152      0.017      0.878      0.380      -0.019       0.049
February                     0.0099      0.017      0.596      0.552      -0.023       0.042
AwdalApril                  -0.0148      0.027     -0.551      0.582      -0.068       0.038
AwdalMay                     0.0212      0.027      0.789      0.430      -0.032       0.074
AwdalJune                    0.0020      0.027      0.074      0.941      -0.051       0.055
AwdalJuly                   -0.0435      0.029     -1.527      0.127      -0.099       0.012
AwdalAugust                  0.0061      0.028      0.218      0.827      -0.049       0.061
AwdalSeptember               0.0077      0.027      0.288      0.773      -0.045       0.060
AwdalOctober                -0.0001      0.027     -0.005      0.996      -0.052       0.052
AwdalNovember                0.0299      0.028      1.077      0.282      -0.025       0.084
AwdalDecember               -0.0103      0.027     -0.381      0.703      -0.063       0.043
AwdalJanuary                 0.0047      0.027      0.173      0.863      -0.048       0.058
AwdalFebruary               -0.0208      0.028     -0.747      0.455      -0.075       0.034
AwdalMarch                   0.0365      0.031      1.179      0.239      -0.024       0.097
BakoolApril                  0.0245      0.026      0.941      0.347      -0.027       0.075
BakoolMay                    0.0114      0.026      0.438      0.661      -0.040       0.062
BakoolJune                  -0.0198      0.026     -0.752      0.452      -0.071       0.032
BakoolJuly                  -0.0385      0.026     -1.478      0.139      -0.090       0.013
BakoolAugust                 0.0226      0.026      0.871      0.384      -0.028       0.073
BakoolSeptember             -0.0194      0.026     -0.748      0.455      -0.070       0.031
BakoolOctober               -0.0599      0.026     -2.303      0.021      -0.111      -0.009
BakoolNovember              -0.0127      0.027     -0.469      0.639      -0.066       0.040
BakoolDecember               0.0408      0.027      1.513      0.130      -0.012       0.094
BakoolJanuary                0.0209      0.027      0.771      0.441      -0.032       0.074
BakoolFebruary              -0.0063      0.027     -0.231      0.817      -0.060       0.047
BakoolMarch                  0.0503      0.032      1.593      0.111      -0.012       0.112
BanadirApril                -0.0298      0.026     -1.145      0.252      -0.081       0.021
BanadirMay                   0.0263      0.026      1.006      0.314      -0.025       0.078
BanadirJune                  0.0031      0.026      0.118      0.906      -0.048       0.055
BanadirJuly                 -0.0568      0.026     -2.167      0.030      -0.108      -0.005
BanadirAugust               -0.0238      0.026     -0.911      0.362      -0.075       0.027
BanadirSeptember            -0.0464      0.026     -1.776      0.076      -0.098       0.005
BanadirOctober               0.0193      0.026      0.743      0.458      -0.032       0.070
BanadirNovember             -0.0057      0.027     -0.212      0.832      -0.059       0.047
BanadirDecember              0.0291      0.027      1.075      0.283      -0.024       0.082
BanadirJanuary               0.0472      0.027      1.748      0.081      -0.006       0.100
BanadirFebruary              0.0407      0.027      1.506      0.132      -0.012       0.094
BanadirMarch                 0.0104      0.031      0.330      0.741      -0.051       0.072
BariApril                    0.0191      0.026      0.734      0.463      -0.032       0.070
BariMay                      0.0171      0.026      0.650      0.516      -0.034       0.069
BariJune                    -0.0497      0.027     -1.847      0.065      -0.103       0.003
BariJuly                     0.0201      0.026      0.770      0.441      -0.031       0.071
BariAugust                  -0.0197      0.026     -0.755      0.450      -0.071       0.031
BariSeptember                0.0329      0.026      1.249      0.212      -0.019       0.085
BariOctober                 -0.0159      0.026     -0.607      0.544      -0.067       0.035
BariNovember                 0.0346      0.027      1.281      0.200      -0.018       0.087
BariDecember                -0.0189      0.027     -0.697      0.486      -0.072       0.034
BariJanuary                  0.0592      0.027      2.154      0.031       0.005       0.113
BariFebruary                 0.0146      0.028      0.525      0.600      -0.040       0.069
BariMarch                   -0.0742      0.031     -2.389      0.017      -0.135      -0.013
BayApril                    -0.0079      0.026     -0.305      0.760      -0.059       0.043
BayMay                      -0.0030      0.026     -0.116      0.907      -0.054       0.048
BayJune                      0.0630      0.026      2.401      0.016       0.012       0.114
BayJuly                      0.0184      0.026      0.705      0.481      -0.033       0.070
BayAugust                   -0.0255      0.026     -0.980      0.327      -0.077       0.026
BaySeptember                -0.0089      0.026     -0.341      0.733      -0.060       0.042
BayOctober                   0.0279      0.026      1.070      0.285      -0.023       0.079
BayNovember                 -0.0285      0.027     -1.057      0.290      -0.081       0.024
BayDecember                  0.0133      0.027      0.493      0.622      -0.040       0.066
BayJanuary                   0.0081      0.027      0.298      0.766      -0.045       0.061
BayFebruary                 -0.0418      0.027     -1.525      0.127      -0.096       0.012
BayMarch                    -0.0032      0.031     -0.103      0.918      -0.065       0.058
GalgaduudApril              -0.0428      0.026     -1.642      0.101      -0.094       0.008
GalgaduudMay                -0.0368      0.026     -1.410      0.159      -0.088       0.014
GalgaduudJune                0.0186      0.026      0.713      0.476      -0.032       0.070
GalgaduudJuly               -0.0159      0.026     -0.609      0.543      -0.067       0.035
GalgaduudAugust              0.0063      0.026      0.242      0.809      -0.045       0.057
GalgaduudSeptember          -0.0300      0.026     -1.156      0.248      -0.081       0.021
GalgaduudOctober             0.0470      0.026      1.796      0.073      -0.004       0.098
GalgaduudNovember            0.0506      0.027      1.872      0.061      -0.002       0.104
GalgaduudDecember            0.0440      0.027      1.632      0.103      -0.009       0.097
GalgaduudJanuary            -0.0014      0.027     -0.051      0.959      -0.055       0.052
GalgaduudFebruary           -0.0030      0.027     -0.111      0.912      -0.056       0.050
GalgaduudMarch              -0.0226      0.031     -0.719      0.472      -0.084       0.039
GedoApril                    0.0022      0.026      0.082      0.934      -0.049       0.054
GedoMay                      0.0052      0.026      0.199      0.842      -0.046       0.057
GedoJune                     0.0160      0.026      0.610      0.542      -0.035       0.067
GedoJuly                     0.0330      0.026      1.268      0.205      -0.018       0.084
GedoAugust                   0.0197      0.026      0.760      0.447      -0.031       0.071
GedoSeptember                0.0238      0.026      0.903      0.367      -0.028       0.075
GedoOctober                 -0.0023      0.026     -0.087      0.931      -0.053       0.049
GedoNovember                -0.0228      0.027     -0.841      0.400      -0.076       0.030
GedoDecember                -0.0094      0.027     -0.351      0.726      -0.062       0.043
GedoJanuary                 -0.0350      0.027     -1.286      0.199      -0.088       0.018
GedoFebruary                -0.0166      0.027     -0.605      0.545      -0.070       0.037
GedoMarch                   -0.0016      0.031     -0.052      0.959      -0.063       0.060
HiraanApril                  0.0221      0.026      0.850      0.395      -0.029       0.073
HiraanMay                   -0.0209      0.026     -0.802      0.423      -0.072       0.030
HiraanJune                   0.0058      0.026      0.220      0.826      -0.046       0.057
HiraanJuly                  -0.0251      0.026     -0.960      0.337      -0.076       0.026
HiraanAugust                -0.0480      0.026     -1.836      0.067      -0.099       0.003
HiraanSeptember              0.0269      0.026      1.035      0.301      -0.024       0.078
HiraanOctober                0.0312      0.026      1.202      0.230      -0.020       0.082
HiraanNovember               0.0118      0.027      0.435      0.663      -0.041       0.065
HiraanDecember              -0.0110      0.027     -0.407      0.684      -0.064       0.042
HiraanJanuary               -0.0322      0.027     -1.198      0.231      -0.085       0.021
HiraanFebruary               0.0144      0.027      0.534      0.594      -0.038       0.067
HiraanMarch                  0.0392      0.031      1.248      0.212      -0.022       0.101
Lower_JubaApril              0.0027      0.026      0.105      0.917      -0.048       0.054
Lower_JubaMay                0.0163      0.026      0.621      0.535      -0.035       0.068
Lower_JubaJune               0.0009      0.027      0.036      0.972      -0.051       0.053
Lower_JubaJuly               0.0018      0.026      0.070      0.944      -0.049       0.053
Lower_JubaAugust            -0.0002      0.026     -0.008      0.994      -0.052       0.051
Lower_JubaSeptember          0.0119      0.027      0.446      0.655      -0.040       0.064
Lower_JubaOctober           -0.0216      0.026     -0.833      0.405      -0.073       0.029
Lower_JubaNovember           0.0071      0.027      0.262      0.794      -0.046       0.060
Lower_JubaDecember          -0.0253      0.027     -0.926      0.354      -0.079       0.028
Lower_JubaJanuary           -0.0224      0.027     -0.829      0.407      -0.075       0.031
Lower_JubaFebruary           0.0187      0.027      0.685      0.494      -0.035       0.072
Lower_JubaMarch              0.0223      0.031      0.711      0.477      -0.039       0.084
Lower_ShabelleApril          0.0050      0.026      0.193      0.847      -0.046       0.056
Lower_ShabelleMay            0.0091      0.026      0.346      0.729      -0.042       0.061
Lower_ShabelleJune          -0.0153      0.026     -0.584      0.559      -0.067       0.036
Lower_ShabelleJuly          -0.0023      0.026     -0.086      0.932      -0.054       0.049
Lower_ShabelleAugust         0.0186      0.026      0.710      0.478      -0.033       0.070
Lower_ShabelleSeptember     -0.0065      0.026     -0.247      0.805      -0.058       0.045
Lower_ShabelleOctober       -0.0060      0.026     -0.232      0.817      -0.057       0.045
Lower_ShabelleNovember      -0.0037      0.027     -0.136      0.892      -0.057       0.049
Lower_ShabelleDecember       0.0360      0.027      1.330      0.184      -0.017       0.089
Lower_ShabelleJanuary       -0.0589      0.027     -2.179      0.029      -0.112      -0.006
Lower_ShabelleFebruary      -0.0327      0.027     -1.204      0.229      -0.086       0.021
Lower_ShabelleMarch          0.0701      0.031      2.236      0.025       0.009       0.132
Middle_JubaApril             0.0414      0.026      1.588      0.112      -0.010       0.092
Middle_JubaMay              -0.0420      0.026     -1.604      0.109      -0.093       0.009
Middle_JubaJune             -0.0003      0.026     -0.010      0.992      -0.052       0.051
Middle_JubaJuly              0.0285      0.026      1.089      0.276      -0.023       0.080
Middle_JubaAugust           -0.0133      0.026     -0.510      0.610      -0.065       0.038
Middle_JubaSeptember         0.0004      0.026      0.014      0.989      -0.051       0.052
Middle_JubaOctober          -0.0197      0.026     -0.757      0.449      -0.071       0.031
Middle_JubaNovember          0.0207      0.027      0.767      0.443      -0.032       0.074
Middle_JubaDecember          0.0051      0.027      0.189      0.850      -0.048       0.058
Middle_JubaJanuary           0.0163      0.027      0.604      0.546      -0.037       0.069
Middle_JubaFebruary         -0.0187      0.027     -0.683      0.495      -0.072       0.035
Middle_JubaMarch            -0.0130      0.031     -0.415      0.678      -0.074       0.048
Middle_ShabelleApril         0.0213      0.026      0.822      0.411      -0.030       0.072
Middle_ShabelleMay           0.0054      0.026      0.206      0.837      -0.046       0.057
Middle_ShabelleJune          0.0127      0.026      0.483      0.629      -0.039       0.064
Middle_ShabelleJuly          0.0077      0.026      0.295      0.768      -0.044       0.059
Middle_ShabelleAugust        0.0064      0.026      0.246      0.805      -0.045       0.058
Middle_ShabelleSeptember    -0.0030      0.026     -0.115      0.908      -0.054       0.048
Middle_ShabelleOctober       0.0142      0.026      0.545      0.586      -0.037       0.065
Middle_ShabelleNovember     -0.0237      0.027     -0.877      0.380      -0.077       0.029
Middle_ShabelleDecember      0.0135      0.027      0.502      0.616      -0.039       0.066
Middle_ShabelleJanuary      -0.0202      0.027     -0.746      0.456      -0.073       0.033
Middle_ShabelleFebruary     -0.0302      0.027     -1.120      0.263      -0.083       0.023
Middle_ShabelleMarch         0.0077      0.032      0.245      0.806      -0.054       0.070
MudugApril                   0.0187      0.026      0.720      0.472      -0.032       0.070
MudugMay                    -0.0149      0.026     -0.569      0.570      -0.066       0.036
MudugJune                   -0.0162      0.026     -0.624      0.532      -0.067       0.035
MudugJuly                   -0.0230      0.026     -0.876      0.381      -0.074       0.028
MudugAugust                  0.1066      0.026      4.076      0.000       0.055       0.158
MudugSeptember              -0.0212      0.026     -0.817      0.414      -0.072       0.030
MudugOctober                -0.0083      0.026     -0.315      0.752      -0.060       0.043
MudugNovember               -0.0368      0.027     -1.359      0.174      -0.090       0.016
MudugDecember               -0.0151      0.027     -0.559      0.576      -0.068       0.038
MudugJanuary                -0.0159      0.027     -0.586      0.558      -0.069       0.037
MudugFebruary                0.0069      0.027      0.254      0.800      -0.046       0.060
MudugMarch                   0.0305      0.031      0.971      0.332      -0.031       0.092
NugaalApril                 -0.0145      0.026     -0.558      0.577      -0.066       0.036
NugaalMay                   -0.0265      0.026     -1.016      0.310      -0.078       0.025
NugaalJune                  -0.0312      0.026     -1.194      0.233      -0.082       0.020
NugaalJuly                   0.0345      0.026      1.314      0.189      -0.017       0.086
NugaalAugust                -0.0148      0.026     -0.565      0.572      -0.066       0.037
NugaalSeptember              0.0573      0.026      2.189      0.029       0.006       0.109
NugaalOctober                0.0331      0.026      1.262      0.207      -0.018       0.085
NugaalNovember               0.0431      0.027      1.597      0.110      -0.010       0.096
NugaalDecember              -0.0390      0.027     -1.446      0.148      -0.092       0.014
NugaalJanuary               -0.0065      0.027     -0.241      0.810      -0.060       0.047
NugaalFebruary              -0.0004      0.027     -0.014      0.989      -0.053       0.053
NugaalMarch                 -0.0116      0.031     -0.373      0.709      -0.072       0.049
SanaagApril                 -0.0091      0.026     -0.350      0.727      -0.060       0.042
SanaagMay                   -0.0487      0.026     -1.864      0.062      -0.100       0.003
SanaagJune                   0.0143      0.027      0.534      0.593      -0.038       0.067
SanaagJuly                   0.0253      0.026      0.962      0.336      -0.026       0.077
SanaagAugust                 0.0238      0.026      0.914      0.361      -0.027       0.075
SanaagSeptember              0.0125      0.026      0.474      0.636      -0.039       0.064
SanaagOctober               -0.0402      0.026     -1.544      0.123      -0.091       0.011
SanaagNovember               0.0048      0.027      0.177      0.860      -0.048       0.058
SanaagDecember              -0.0399      0.027     -1.457      0.145      -0.094       0.014
SanaagJanuary                0.0274      0.027      1.017      0.309      -0.025       0.080
SanaagFebruary               0.0154      0.027      0.569      0.569      -0.038       0.068
SanaagMarch                  0.0142      0.031      0.457      0.648      -0.047       0.075
SoolApril                   -0.0342      0.026     -1.318      0.188      -0.085       0.017
SoolMay                      0.0316      0.026      1.211      0.226      -0.020       0.083
SoolJune                     0.0059      0.026      0.226      0.821      -0.045       0.057
SoolJuly                     0.0166      0.026      0.637      0.524      -0.035       0.068
SoolAugust                  -0.0266      0.026     -1.017      0.309      -0.078       0.025
SoolSeptember                0.0029      0.026      0.111      0.911      -0.048       0.054
SoolOctober                 -0.0470      0.026     -1.798      0.072      -0.098       0.004
SoolNovember                -0.0020      0.027     -0.076      0.940      -0.055       0.051
SoolDecember                 0.0082      0.027      0.300      0.764      -0.046       0.062
SoolJanuary                  0.0062      0.027      0.229      0.819      -0.047       0.059
SoolFebruary                 0.0475      0.027      1.760      0.079      -0.005       0.100
SoolMarch                    0.0276      0.031      0.893      0.372      -0.033       0.088
TogdheerApril               -0.0259      0.026     -0.996      0.319      -0.077       0.025
TogdheerMay                  0.0518      0.026      1.993      0.046       0.001       0.103
TogdheerJune                 0.0095      0.026      0.362      0.717      -0.042       0.061
TogdheerJuly                 0.0183      0.026      0.697      0.486      -0.033       0.070
TogdheerAugust              -0.0214      0.026     -0.819      0.413      -0.073       0.030
TogdheerSeptember           -0.0242      0.026     -0.919      0.358      -0.076       0.027
TogdheerOctober              0.0239      0.026      0.916      0.360      -0.027       0.075
TogdheerNovember            -0.0321      0.027     -1.190      0.234      -0.085       0.021
TogdheerDecember            -0.0109      0.027     -0.400      0.689      -0.064       0.043
TogdheerJanuary              0.0117      0.027      0.436      0.663      -0.041       0.065
TogdheerFebruary            -0.0187      0.027     -0.694      0.488      -0.072       0.034
TogdheerMarch                0.0366      0.031      1.181      0.238      -0.024       0.097
Woqooyi_GalbeedApril         0.0332      0.031      1.083      0.279      -0.027       0.093
Woqooyi_GalbeedMay           0.0108      0.031      0.353      0.724      -0.049       0.071
Woqooyi_GalbeedJune          0.0109      0.031      0.349      0.727      -0.050       0.072
Woqooyi_GalbeedJuly          0.0145      0.032      0.449      0.654      -0.049       0.078
Woqooyi_GalbeedAugust       -0.0155      0.032     -0.485      0.627      -0.078       0.047
Woqooyi_GalbeedSeptember    -0.0013      0.031     -0.040      0.968      -0.063       0.060
Woqooyi_GalbeedOctober       0.0323      0.031      1.049      0.294      -0.028       0.093
Woqooyi_GalbeedNovember     -0.0215      0.032     -0.667      0.505      -0.085       0.042
Woqooyi_GalbeedDecember   4.426e-06      0.031      0.000      1.000      -0.062       0.062
Woqooyi_GalbeedJanuary       0.0060      0.031      0.191      0.849      -0.055       0.067
Woqooyi_GalbeedFebruary      0.0410      0.032      1.301      0.193      -0.021       0.103
==============================================================================
Omnibus:                        3.444   Durbin-Watson:                   1.987
Prob(Omnibus):                  0.179   Jarque-Bera (JB):                3.257
Skew:                          -0.044   Prob(JB):                        0.196
Kurtosis:                       2.855   Cond. No.                     5.31e+16
==============================================================================

Notes:
[1] Standard Errors assume that the covariance matrix of the errors is correctly specified.
[2] The smallest eigenvalue is 3.29e-30. This might indicate that there are
strong multicollinearity problems or that the design matrix is singular.